edit
lisazu

x =

  Columns 1 through 17

    1.0000    0.9980    0.9921    0.9823    0.9686    0.9511    0.9298    0.9048    0.8763    0.8443    0.8090    0.7705    0.7290    0.6845    0.6374    0.5878    0.5358

  Columns 18 through 34

    0.4818    0.4258    0.3681    0.3090    0.2487    0.1874    0.1253    0.0628    0.0000   -0.0628   -0.1253   -0.1874   -0.2487   -0.3090   -0.3681   -0.4258   -0.4818

  Columns 35 through 51

   -0.5358   -0.5878   -0.6374   -0.6845   -0.7290   -0.7705   -0.8090   -0.8443   -0.8763   -0.9048   -0.9298   -0.9511   -0.9686   -0.9823   -0.9921   -0.9980   -1.0000

  Columns 52 through 68

   -0.9980   -0.9921   -0.9823   -0.9686   -0.9511   -0.9298   -0.9048   -0.8763   -0.8443   -0.8090   -0.7705   -0.7290   -0.6845   -0.6374   -0.5878   -0.5358   -0.4818

  Columns 69 through 85

   -0.4258   -0.3681   -0.3090   -0.2487   -0.1874   -0.1253   -0.0628   -0.0000    0.0628    0.1253    0.1874    0.2487    0.3090    0.3681    0.4258    0.4818    0.5358

  Columns 86 through 101

    0.5878    0.6374    0.6845    0.7290    0.7705    0.8090    0.8443    0.8763    0.9048    0.9298    0.9511    0.9686    0.9823    0.9921    0.9980    1.0000


x =

  Columns 1 through 17

         0    0.0628    0.1253    0.1874    0.2487    0.3090    0.3681    0.4258    0.4818    0.5358    0.5878    0.6374    0.6845    0.7290    0.7705    0.8090    0.8443

  Columns 18 through 34

    0.8763    0.9048    0.9298    0.9511    0.9686    0.9823    0.9921    0.9980    1.0000    0.9980    0.9921    0.9823    0.9686    0.9511    0.9298    0.9048    0.8763

  Columns 35 through 51

    0.8443    0.8090    0.7705    0.7290    0.6845    0.6374    0.5878    0.5358    0.4818    0.4258    0.3681    0.3090    0.2487    0.1874    0.1253    0.0628    0.0000

  Columns 52 through 68

   -0.0628   -0.1253   -0.1874   -0.2487   -0.3090   -0.3681   -0.4258   -0.4818   -0.5358   -0.5878   -0.6374   -0.6845   -0.7290   -0.7705   -0.8090   -0.8443   -0.8763

  Columns 69 through 85

   -0.9048   -0.9298   -0.9511   -0.9686   -0.9823   -0.9921   -0.9980   -1.0000   -0.9980   -0.9921   -0.9823   -0.9686   -0.9511   -0.9298   -0.9048   -0.8763   -0.8443

  Columns 86 through 101

   -0.8090   -0.7705   -0.7290   -0.6845   -0.6374   -0.5878   -0.5358   -0.4818   -0.4258   -0.3681   -0.3090   -0.2487   -0.1874   -0.1253   -0.0628   -0.0000

{??? Undefined function or variable 'y'.

Error in ==> <a href="matlab: opentoline('/home/user/matlab_darbi/lisazu.m',5,0)">lisazu at 5</a>
plot(x,y)} 
edit
uiopen('/home/user/matlab_darbi/lisazu.m',1)
lisazu

x =

  Columns 1 through 17

    1.0000    0.9980    0.9921    0.9823    0.9686    0.9511    0.9298    0.9048    0.8763    0.8443    0.8090    0.7705    0.7290    0.6845    0.6374    0.5878    0.5358

  Columns 18 through 34

    0.4818    0.4258    0.3681    0.3090    0.2487    0.1874    0.1253    0.0628    0.0000   -0.0628   -0.1253   -0.1874   -0.2487   -0.3090   -0.3681   -0.4258   -0.4818

  Columns 35 through 51

   -0.5358   -0.5878   -0.6374   -0.6845   -0.7290   -0.7705   -0.8090   -0.8443   -0.8763   -0.9048   -0.9298   -0.9511   -0.9686   -0.9823   -0.9921   -0.9980   -1.0000

  Columns 52 through 68

   -0.9980   -0.9921   -0.9823   -0.9686   -0.9511   -0.9298   -0.9048   -0.8763   -0.8443   -0.8090   -0.7705   -0.7290   -0.6845   -0.6374   -0.5878   -0.5358   -0.4818

  Columns 69 through 85

   -0.4258   -0.3681   -0.3090   -0.2487   -0.1874   -0.1253   -0.0628   -0.0000    0.0628    0.1253    0.1874    0.2487    0.3090    0.3681    0.4258    0.4818    0.5358

  Columns 86 through 101

    0.5878    0.6374    0.6845    0.7290    0.7705    0.8090    0.8443    0.8763    0.9048    0.9298    0.9511    0.9686    0.9823    0.9921    0.9980    1.0000


y =

  Columns 1 through 17

         0    0.0628    0.1253    0.1874    0.2487    0.3090    0.3681    0.4258    0.4818    0.5358    0.5878    0.6374    0.6845    0.7290    0.7705    0.8090    0.8443

  Columns 18 through 34

    0.8763    0.9048    0.9298    0.9511    0.9686    0.9823    0.9921    0.9980    1.0000    0.9980    0.9921    0.9823    0.9686    0.9511    0.9298    0.9048    0.8763

  Columns 35 through 51

    0.8443    0.8090    0.7705    0.7290    0.6845    0.6374    0.5878    0.5358    0.4818    0.4258    0.3681    0.3090    0.2487    0.1874    0.1253    0.0628    0.0000

  Columns 52 through 68

   -0.0628   -0.1253   -0.1874   -0.2487   -0.3090   -0.3681   -0.4258   -0.4818   -0.5358   -0.5878   -0.6374   -0.6845   -0.7290   -0.7705   -0.8090   -0.8443   -0.8763

  Columns 69 through 85

   -0.9048   -0.9298   -0.9511   -0.9686   -0.9823   -0.9921   -0.9980   -1.0000   -0.9980   -0.9921   -0.9823   -0.9686   -0.9511   -0.9298   -0.9048   -0.8763   -0.8443

  Columns 86 through 101

   -0.8090   -0.7705   -0.7290   -0.6845   -0.6374   -0.5878   -0.5358   -0.4818   -0.4258   -0.3681   -0.3090   -0.2487   -0.1874   -0.1253   -0.0628   -0.0000

lisazu

x =

  Columns 1 through 17

    1.0000    0.9980    0.9921    0.9823    0.9686    0.9511    0.9298    0.9048    0.8763    0.8443    0.8090    0.7705    0.7290    0.6845    0.6374    0.5878    0.5358

  Columns 18 through 34

    0.4818    0.4258    0.3681    0.3090    0.2487    0.1874    0.1253    0.0628    0.0000   -0.0628   -0.1253   -0.1874   -0.2487   -0.3090   -0.3681   -0.4258   -0.4818

  Columns 35 through 51

   -0.5358   -0.5878   -0.6374   -0.6845   -0.7290   -0.7705   -0.8090   -0.8443   -0.8763   -0.9048   -0.9298   -0.9511   -0.9686   -0.9823   -0.9921   -0.9980   -1.0000

  Columns 52 through 68

   -0.9980   -0.9921   -0.9823   -0.9686   -0.9511   -0.9298   -0.9048   -0.8763   -0.8443   -0.8090   -0.7705   -0.7290   -0.6845   -0.6374   -0.5878   -0.5358   -0.4818

  Columns 69 through 85

   -0.4258   -0.3681   -0.3090   -0.2487   -0.1874   -0.1253   -0.0628   -0.0000    0.0628    0.1253    0.1874    0.2487    0.3090    0.3681    0.4258    0.4818    0.5358

  Columns 86 through 101

    0.5878    0.6374    0.6845    0.7290    0.7705    0.8090    0.8443    0.8763    0.9048    0.9298    0.9511    0.9686    0.9823    0.9921    0.9980    1.0000


y =

  Columns 1 through 17

         0    0.0628    0.1253    0.1874    0.2487    0.3090    0.3681    0.4258    0.4818    0.5358    0.5878    0.6374    0.6845    0.7290    0.7705    0.8090    0.8443

  Columns 18 through 34

    0.8763    0.9048    0.9298    0.9511    0.9686    0.9823    0.9921    0.9980    1.0000    0.9980    0.9921    0.9823    0.9686    0.9511    0.9298    0.9048    0.8763

  Columns 35 through 51

    0.8443    0.8090    0.7705    0.7290    0.6845    0.6374    0.5878    0.5358    0.4818    0.4258    0.3681    0.3090    0.2487    0.1874    0.1253    0.0628    0.0000

  Columns 52 through 68

   -0.0628   -0.1253   -0.1874   -0.2487   -0.3090   -0.3681   -0.4258   -0.4818   -0.5358   -0.5878   -0.6374   -0.6845   -0.7290   -0.7705   -0.8090   -0.8443   -0.8763

  Columns 69 through 85

   -0.9048   -0.9298   -0.9511   -0.9686   -0.9823   -0.9921   -0.9980   -1.0000   -0.9980   -0.9921   -0.9823   -0.9686   -0.9511   -0.9298   -0.9048   -0.8763   -0.8443

  Columns 86 through 101

   -0.8090   -0.7705   -0.7290   -0.6845   -0.6374   -0.5878   -0.5358   -0.4818   -0.4258   -0.3681   -0.3090   -0.2487   -0.1874   -0.1253   -0.0628   -0.0000

hold on
uiopen('/home/user/matlab_darbi/lisazu.m',1)
lisazu

x =

  Columns 1 through 17

    1.0000    0.9298    0.7290    0.4258    0.0628   -0.3090   -0.6374   -0.8763   -0.9921   -0.9686   -0.8090   -0.5358   -0.1874    0.1874    0.5358    0.8090    0.9686

  Columns 18 through 34

    0.9921    0.8763    0.6374    0.3090   -0.0628   -0.4258   -0.7290   -0.9298   -1.0000   -0.9298   -0.7290   -0.4258   -0.0628    0.3090    0.6374    0.8763    0.9921

  Columns 35 through 51

    0.9686    0.8090    0.5358    0.1874   -0.1874   -0.5358   -0.8090   -0.9686   -0.9921   -0.8763   -0.6374   -0.3090    0.0628    0.4258    0.7290    0.9298    1.0000

